0.85 0.15 0.0
0.595 0.3945 0.0105
0.27425 0.68925 0.0365
0.07025 0.84575 0.084
0.01175 0.84275 0.1455
0.0015 0.7915 0.207
0.00025 0.7365 0.26325
0.0 0.681 0.319
0.0 0.6385 0.3615
0.0 0.5885 0.4115
0.0 0.5445 0.4555
0.0 0.5085 0.4915
0.0 0.47225 0.52775
0.0 0.43675 0.56325
0.0 0.40225 0.59775
0.0 0.37575 0.62425
0.0 0.353 0.647
0.0 0.32575 0.67425
0.0 0.30425 0.69575
0.0 0.28425 0.71575
0.0 0.26325 0.73675
0.0 0.2425 0.7575
0.0 0.2235 0.7765
0.0 0.20625 0.79375
0.0 0.193 0.807
0.0 0.17775 0.82225
0.0 0.16275 0.83725
0.0 0.15225 0.84775
0.0 0.14175 0.85825
0.0 0.13125 0.86875
0.0 0.12225 0.87775
0.0 0.11425 0.88575
0.0 0.10725 0.89275
0.0 0.09925 0.90075
0.0 0.09325 0.90675
0.0 0.08675 0.91325
0.0 0.0835 0.9165
0.0 0.078 0.922
0.0 0.07325 0.92675
0.0 0.068 0.932
0.0 0.06275 0.93725
0.0 0.05775 0.94225
0.0 0.05325 0.94675
0.0 0.04975 0.95025
0.0 0.046 0.954
0.0 0.04225 0.95775
0.0 0.04025 0.95975
0.0 0.037 0.963
0.0 0.03475 0.96525
0.0 0.033 0.967
0.0 0.03 0.97
0.0 0.02775 0.97225
0.0 0.02625 0.97375
0.0 0.02425 0.97575
0.0 0.02275 0.97725
0.0 0.0215 0.9785
0.0 0.0205 0.9795
0.0 0.0195 0.9805
0.0 0.01775 0.98225
0.0 0.01675 0.98325
0.0 0.01575 0.98425
0.0 0.01475 0.98525
0.0 0.0145 0.9855
0.0 0.0135 0.9865
0.0 0.01275 0.98725
0.0 0.012 0.988
0.0 0.01 0.99
0.0 0.00925 0.99075
0.0 0.00875 0.99125
0.0 0.00875 0.99125
0.0 0.00825 0.99175
0.0 0.00775 0.99225
0.0 0.007 0.993
0.0 0.00625 0.99375
0.0 0.00575 0.99425
0.0 0.0055 0.9945
0.0 0.005 0.995
0.0 0.00425 0.99575
0.0 0.00375 0.99625
0.0 0.00375 0.99625
0.0 0.00375 0.99625
0.0 0.0035 0.9965
0.0 0.003 0.997
0.0 0.00275 0.99725
0.0 0.0025 0.9975
0.0 0.0025 0.9975
0.0 0.002 0.998
0.0 0.002 0.998
0.0 0.002 0.998
0.0 0.002 0.998
0.0 0.002 0.998
0.0 0.002 0.998
0.0 0.00175 0.99825
0.0 0.00175 0.99825
0.0 0.0015 0.9985
0.0 0.00125 0.99875
0.0 0.00125 0.99875
0.0 0.00125 0.99875
0.0 0.001 0.999
0.0 0.001 0.999
0.0 0.001 0.999