18.604195 24.303722
30.043396 19.719038
28.580235 27.808018
29.112652 22.686008
23.151514 20.639740
23.253490 15.625574
22.851318 19.874086
32.169712 21.894085
21.709372 29.472866
27.770929 16.684635
20.507153 26.582170
20.017431 26.898710
30.999289 19.979433
30.182629 26.706568
21.021133 23.997061
22.503843 15.788930
25.440094 27.729824
17.670792 21.688578
23.443953 26.746025
29.148911 22.311201
19.380615 31.091948
24.482929 22.147812
20.846771 16.808115
29.287006 22.468235
28.349220 28.032543
32.096855 28.247614
21.640102 23.458076
20.726927 31.250954
27.163397 25.268656
19.007336 23.319761
33.359638 17.397785
23.119888 33.012669
32.775223 21.890217
30.430702 26.409914
31.487799 30.636467
27.255323 25.808855
26.345837 21.157396
28.073990 27.352531
25.066977 16.755877
21.019444 23.036882
23.456804 26.604137
19.461576 21.480223
19.203175 18.200062
23.445446 21.103529
29.197947 16.748394
20.413946 27.414824
20.805696 26.744942
29.840046 25.796309
24.633505 17.199041
29.784065 25.435785
27.163778 25.566776
23.434483 26.746044
30.149027 25.651785
24.394917 17.775736
23.017368 20.438654
31.945530 21.955923
28.754368 21.808342
21.673643 30.315094
27.105558 31.375103
19.956860 17.646191
31.512077 28.801655
27.282953 25.751972
21.066153 22.952166
18.669577 17.183479
27.653149 32.567318
20.169502 27.091805
27.326197 25.986929
29.007040 22.638977
16.157942 24.213392
26.449766 15.378582
25.665415 27.819422
29.535259 20.290510
16.568802 25.927834
22.515593 20.523348
28.581490 22.707914
29.671011 20.095114
26.426065 16.495693
27.025522 25.618059
24.137823 32.062767
23.453554 21.159065
27.295906 25.870508
33.689049 27.432291
23.383652 26.537155
26.819860 20.746502
26.965099 25.484554
34.117348 26.094572
24.440485 22.263136
30.409212 20.190317
21.013672 22.696470
29.105736 22.212395
24.620590 22.320581
26.456917 20.464184
26.785952 31.605448
17.586361 28.695360
24.680149 22.409559
24.862513 22.490755
18.879953 29.082308
29.901266 25.594465
21.008308 22.881870
26.033285 27.652351
19.620945 21.426098
28.984894 27.942297
22.154791 16.045662
29.859261 25.491528
25.951033 20.086683
25.836433 17.873327
21.827730 28.814449
18.112129 28.635586
18.220224 31.434782
28.002068 16.326408
23.525455 26.725555
30.414188 18.143312
25.181154 32.503944
21.039078 23.199394
23.537880 26.554239
21.677826 29.473141
29.681036 28.711958
27.266169 26.099373
25.689795 28.216742
33.959747 25.129587
28.916584 23.127840
25.830624 28.138718
24.696228 22.629635
26.819557 20.223873
30.618408 21.465134
17.760254 28.318462
20.219185 17.699263
17.145817 21.678827
24.052277 31.556141
28.631704 28.030039
33.917332 26.424650
23.560431 26.432079
24.914585 22.142147
32.741558 21.999382
31.481665 28.883764
22.005760 29.019333
23.416668 26.787210
25.180845 32.486015
26.030203 20.050541
18.195246 23.246798
18.797569 23.803848
26.399782 20.469379
24.771208 22.144865
29.747887 25.520096
26.120949 28.753332
20.241653 21.171703
26.739729 30.956066
24.266687 16.846050
18.637463 23.068398
23.556244 26.726862
20.969027 23.614571
24.814980 22.128353
23.151701 20.043896
24.819185 22.353613
24.911301 22.181765
27.241968 25.635622
19.621376 29.058626
29.498459 25.244118
21.046196 22.841354
33.934875 19.774895
21.438038 33.069530
28.206110 16.333723
28.907238 21.718025
27.062420 25.606840
31.994247 21.890198
20.126534 26.729275
33.693790 21.681190
23.383947 26.749756
24.882185 32.231487
34.250134 23.518143
17.572374 21.019855
29.807291 25.489248
23.267351 20.787783
30.600243 32.829472
21.516670 28.450926
25.479353 27.732193
23.333776 26.674637
21.074240 21.476883
29.058731 27.881775
29.341192 20.010353
21.896013 33.326515
22.814953 20.236713
19.114719 26.856438
21.712421 29.299009
25.400297 27.758541
27.232323 25.484695
25.621912 27.888077
21.021006 23.107805
28.817011 27.869453
25.389801 27.736265
25.784100 21.212112
19.624994 27.705086
15.993881 20.257122
31.450596 19.532309
21.479836 28.396528
24.794966 22.149090
15.561336 26.232157
20.191113 21.619408
18.962383 21.087292
26.365650 20.595394
